19000034 190876533412 264455 250
19000035 190876533412 264455 250
19000036 190876533412 264455 250
19000037 190876533412 264455 250
19000038 190876533412 264455 250
19000039 190876533412 264455 250
19000040 190876533412 264455 250
19000041 190876533412 264455 250
19000042 190876533412 264455 250
19000043 190876533412 264455 250
19000044 190876533412 264455 250
19000045 190876533412 264455 250
19000046 190876533418 264455 26001
19000047 190876523412 266455 501
19000048 190876523412 266455 501
19000049 190876533412 264455 250
 190876533412 264455 250
19000051 190876533412 264455 250
19000052 190876533412 264455 250
1900prad 190876533412 264455 250
19000053 190876533412 264455 250
19000054 190876533412 264455 250
